eval_results:
acc-p1: 81.0500 +- 3.4011, max = 84.4000
acc-all-p: 81.0500 +- 3.4011, max = 84.4000
dev_results:
acc-p1: 0.78125 +- 0.03125
acc-all-p: 0.78125 +- 0.03125
