eval_results:
acc-p1: 88.5333 +- 0.5508, max = 89.1000
acc-all-p: 88.5333 +- 0.5508, max = 89.1000
dev_results:
acc-p1: 0.8958333333333334 +- 0.018042195912175804
acc-all-p: 0.8958333333333334 +- 0.018042195912175804
