eval_results:
acc-p1: 89.9950 +- 0.7403, max = 90.4952
acc-all-p: 89.9950 +- 0.7403, max = 90.4952
dev_results:
acc-p1: 0.84375 +- 0.0
acc-all-p: 0.84375 +- 0.0
