eval_results:
acc-p1: 92.2401 +- 0.6720, max = 93.0046
acc-all-p: 92.2401 +- 0.6720, max = 93.0046
dev_results:
acc-p1: 0.96875 +- 0.0
acc-all-p: 0.96875 +- 0.0
