eval_results:
acc-p1: 50.5273 +- 2.9160, max = 52.4449
acc-all-p: 50.5273 +- 2.9160, max = 52.4449
dev_results:
acc-p1: 0.65625 +- 0.03125
acc-all-p: 0.65625 +- 0.03125
