eval_results:
acc-p1: 87.0935 +- 2.4152, max = 89.3447
acc-all-p: 87.0935 +- 2.4152, max = 89.3447
dev_results:
acc-p1: 0.8541666666666666 +- 0.018042195912175804
acc-all-p: 0.8541666666666666 +- 0.018042195912175804
