eval_results:
acc-p1: 81.8000 +- 0.3279, max = 82.1000
acc-all-p: 81.8000 +- 0.3279, max = 82.1000
dev_results:
acc-p1: 0.8645833333333334 +- 0.03608439182435161
acc-all-p: 0.8645833333333334 +- 0.03608439182435161
