eval_results:
acc-p1: 87.2436 +- 1.2764, max = 88.4942
acc-all-p: 87.2436 +- 1.2764, max = 88.4942
dev_results:
acc-p1: 0.7916666666666666 +- 0.018042195912175804
acc-all-p: 0.7916666666666666 +- 0.018042195912175804
