eval_results:
acc-p1: 85.8667 +- 1.8583, max = 87.4000
acc-all-p: 85.8667 +- 1.8583, max = 87.4000
dev_results:
acc-p1: 0.8125 +- 0.02083333333333337
acc-all-p: 0.8125 +- 0.02083333333333337
