eval_results:
acc-p1: 51.3583 +- 0.4730, max = 51.6779
acc-all-p: 51.3583 +- 0.4730, max = 51.6779
dev_results:
acc-p1: 0.6666666666666666 +- 0.047735163489123336
acc-all-p: 0.6666666666666666 +- 0.047735163489123336
