eval_results:
acc-p1: 87.8000 +- 3.0265, max = 90.2000
acc-all-p: 87.8000 +- 3.0265, max = 90.2000
dev_results:
acc-p1: 0.8611111111111112 +- 0.0060140653040586444
acc-all-p: 0.8611111111111112 +- 0.0060140653040586444
