eval_results:
acc-p1: 55.8006 +- 1.0890, max = 56.5676
acc-all-p: 55.8006 +- 1.0890, max = 56.5676
dev_results:
acc-p1: 0.6041666666666666 +- 0.018042195912175804
acc-all-p: 0.6041666666666666 +- 0.018042195912175804
