eval_results:
acc-p1: 92.2018 +- 0.4999, max = 92.7752
acc-all-p: 92.2018 +- 0.4999, max = 92.7752
dev_results:
acc-p1: 0.9479166666666666 +- 0.018042195912175804
acc-all-p: 0.9479166666666666 +- 0.018042195912175804
