eval_results:
acc-p1: 89.9847 +- 0.4774, max = 90.3670
acc-all-p: 89.9847 +- 0.4774, max = 90.3670
dev_results:
acc-p1: 0.9270833333333334 +- 0.018042195912175804
acc-all-p: 0.9270833333333334 +- 0.018042195912175804
