eval_results:
acc-p1: 77.3333 +- 2.8729, max = 80.6000
acc-all-p: 77.3333 +- 2.8729, max = 80.6000
dev_results:
acc-p1: 0.7777777777777778 +- 0.015911721163041116
acc-all-p: 0.7777777777777778 +- 0.015911721163041116
