eval_results:
acc-p1: 55.9333 +- 22.4591, max = 69.0000
acc-all-p: 55.9333 +- 22.4591, max = 69.0000
dev_results:
acc-p1: 0.5625 +- 0.2657781421286057
acc-all-p: 0.5625 +- 0.2657781421286057
