eval_results:
acc-p1: 83.6918 +- 4.1454, max = 87.5938
acc-all-p: 83.6918 +- 4.1454, max = 87.5938
dev_results:
acc-p1: 0.7916666666666666 +- 0.047735163489123336
acc-all-p: 0.7916666666666666 +- 0.047735163489123336
