eval_results:
acc-p1: 91.7813 +- 2.7170, max = 93.4633
acc-all-p: 91.7813 +- 2.7170, max = 93.4633
dev_results:
acc-p1: 0.9270833333333334 +- 0.018042195912175804
acc-all-p: 0.9270833333333334 +- 0.018042195912175804
