eval_results:
acc-p1: 92.9281 +- 0.2886, max = 93.2339
acc-all-p: 92.9281 +- 0.2886, max = 93.2339
dev_results:
acc-p1: 0.96875 +- 0.0
acc-all-p: 0.96875 +- 0.0
