eval_results:
acc-p1: 90.8000 +- 0.1414, max = 90.9000
acc-all-p: 90.8000 +- 0.1414, max = 90.9000
dev_results:
acc-p1: 0.9375 +- 0.04419417382415922
acc-all-p: 0.9375 +- 0.04419417382415922
