eval_results:
acc-p1: 80.2833 +- 3.2149, max = 83.9000
acc-all-p: 80.2833 +- 3.2149, max = 83.9000
dev_results:
acc-p1: 0.8854166666666666 +- 0.047735163489123336
acc-all-p: 0.8854166666666666 +- 0.047735163489123336
