eval_results:
acc-p1: 83.9167 +- 1.5543, max = 85.4000
acc-all-p: 83.9167 +- 1.5543, max = 85.4000
dev_results:
acc-p1: 0.8958333333333334 +- 0.047735163489123336
acc-all-p: 0.8958333333333334 +- 0.047735163489123336
