eval_results:
acc-p1: 79.3833 +- 1.6540, max = 81.1000
acc-all-p: 79.3833 +- 1.6540, max = 81.1000
dev_results:
acc-p1: 0.8020833333333334 +- 0.047735163489123336
acc-all-p: 0.8020833333333334 +- 0.047735163489123336
