eval_results:
acc-p1: 91.7000 +- 0.4950, max = 92.0500
acc-all-p: 91.7000 +- 0.4950, max = 92.0500
dev_results:
acc-p1: 0.921875 +- 0.02209708691207961
acc-all-p: 0.921875 +- 0.02209708691207961
