eval_results:
acc-p1: 84.6000 +- 1.9346, max = 86.7500
acc-all-p: 84.6000 +- 1.9346, max = 86.7500
dev_results:
acc-p1: 0.8854166666666666 +- 0.018042195912175804
acc-all-p: 0.8854166666666666 +- 0.018042195912175804
