eval_results:
acc-p1: 46.2128 +- 4.2403, max = 51.0067
acc-all-p: 46.2128 +- 4.2403, max = 51.0067
dev_results:
acc-p1: 0.53125 +- 0.05412658773652741
acc-all-p: 0.53125 +- 0.05412658773652741
