eval_results:
acc-p1: 82.3578 +- 4.3784, max = 85.3927
acc-all-p: 82.3578 +- 4.3784, max = 85.3927
dev_results:
acc-p1: 0.84375 +- 0.03125
acc-all-p: 0.84375 +- 0.03125
