eval_results:
acc-p1: 92.3930 +- 0.1324, max = 92.5459
acc-all-p: 92.3930 +- 0.1324, max = 92.5459
dev_results:
acc-p1: 0.96875 +- 0.0
acc-all-p: 0.96875 +- 0.0
