eval_results:
acc-p1: 90.4817 +- 1.7655, max = 91.9725
acc-all-p: 90.4817 +- 1.7655, max = 91.9725
dev_results:
acc-p1: 0.8854166666666666 +- 0.047735163489123336
acc-all-p: 0.8854166666666666 +- 0.047735163489123336
