eval_results:
acc-p1: 84.1500 +- 2.4515, max = 86.6500
acc-all-p: 84.1500 +- 2.4515, max = 86.6500
dev_results:
acc-p1: 0.8854166666666666 +- 0.018042195912175804
acc-all-p: 0.8854166666666666 +- 0.018042195912175804
