eval_results:
acc-p1: 90.3500 +- 0.0707, max = 90.4000
acc-all-p: 90.3500 +- 0.0707, max = 90.4000
dev_results:
acc-p1: 0.953125 +- 0.02209708691207961
acc-all-p: 0.953125 +- 0.02209708691207961
