eval_results:
acc-p1: 85.2500 +- 2.1290, max = 87.7000
acc-all-p: 85.2500 +- 2.1290, max = 87.7000
dev_results:
acc-p1: 0.9166666666666666 +- 0.03608439182435161
acc-all-p: 0.9166666666666666 +- 0.03608439182435161
