eval_results:
acc-p1: 81.0000 +- 0.9165, max = 82.0000
acc-all-p: 81.0000 +- 0.9165, max = 82.0000
dev_results:
acc-p1: 0.7569444444444444 +- 0.015911721163041105
acc-all-p: 0.7569444444444444 +- 0.015911721163041105
