eval_results:
acc-p1: 80.1000 +- 3.4209, max = 82.1000
acc-all-p: 80.1000 +- 3.4209, max = 82.1000
dev_results:
acc-p1: 0.90625 +- 0.0
acc-all-p: 0.90625 +- 0.0
