eval_results:
acc-p1: 81.6667 +- 2.2121, max = 84.0000
acc-all-p: 81.6667 +- 2.2121, max = 84.0000
dev_results:
acc-p1: 0.8472222222222222 +- 0.03348489847566997
acc-all-p: 0.8472222222222222 +- 0.03348489847566997
