eval_results:
acc-p1: 86.6167 +- 0.5393, max = 87.0000
acc-all-p: 86.6167 +- 0.5393, max = 87.0000
dev_results:
acc-p1: 0.90625 +- 0.03125
acc-all-p: 0.90625 +- 0.03125
