eval_results:
acc-p1: 78.6000 +- 1.8822, max = 80.6500
acc-all-p: 78.6000 +- 1.8822, max = 80.6500
dev_results:
acc-p1: 0.8645833333333334 +- 0.047735163489123336
acc-all-p: 0.8645833333333334 +- 0.047735163489123336
